name: blast
channels:
  - bioconda
  - conda-forge
  - defaults
dependencies:
  - _libgcc_mutex=0.1=conda_forge
  - _openmp_mutex=4.5=2_gnu
  - blast=2.14.0=pl5321h6f7f691_2
  - bzip2=1.0.8=h7f98852_4
  - c-ares=1.19.1=hd590300_0
  - ca-certificates=2023.7.22=hbcca054_0
  - curl=8.2.0=hca28451_0
  - entrez-direct=16.2=he881be0_1
  - gettext=0.21.1=h27087fc_0
  - icu=69.1=h9c3ff4c_0
  - keyutils=1.6.1=h166bdaf_0
  - krb5=1.21.1=h659d440_0
  - libcurl=8.2.0=hca28451_0
  - libedit=3.1.20191231=he28a2e2_2
  - libev=4.33=h516909a_1
  - libgcc-ng=13.1.0=he5830b7_0
  - libgomp=13.1.0=he5830b7_0
  - libiconv=1.17=h166bdaf_0
  - libidn2=2.3.4=h166bdaf_0
  - libnghttp2=1.52.0=h61bc06f_0
  - libnsl=2.0.0=h7f98852_0
  - libssh2=1.11.0=h0841786_0
  - libstdcxx-ng=13.1.0=hfd8a6a1_0
  - libunistring=0.9.10=h7f98852_0
  - libxml2=2.9.14=haae042b_4
  - libzlib=1.2.13=hd590300_5
  - ncbi-vdb=3.0.6=hdbdd923_0
  - ncurses=6.4=hcb278e6_0
  - openssl=3.1.1=hd590300_1
  - ossuuid=1.6.2=hf484d3e_1000
  - pcre=8.45=h9c3ff4c_0
  - perl=5.32.1=4_hd590300_perl5
  - perl-alien-build=2.48=pl5321hec16e2b_0
  - perl-alien-libxml2=0.17=pl5321hec16e2b_0
  - perl-archive-tar=2.40=pl5321hdfd78af_0
  - perl-business-isbn=3.007=pl5321hd8ed1ab_0
  - perl-business-isbn-data=20210112.006=pl5321hd8ed1ab_0
  - perl-capture-tiny=0.48=pl5321ha770c72_1
  - perl-carp=1.50=pl5321hd8ed1ab_0
  - perl-common-sense=3.75=pl5321hd8ed1ab_0
  - perl-compress-raw-bzip2=2.201=pl5321h166bdaf_0
  - perl-compress-raw-zlib=2.202=pl5321h166bdaf_0
  - perl-constant=1.33=pl5321hd8ed1ab_0
  - perl-encode=3.19=pl5321h166bdaf_0
  - perl-exporter=5.74=pl5321hd8ed1ab_0
  - perl-exporter-tiny=1.002002=pl5321hd8ed1ab_0
  - perl-extutils-makemaker=7.70=pl5321hd8ed1ab_0
  - perl-ffi-checklib=0.28=pl5321hdfd78af_0
  - perl-file-chdir=0.1011=pl5321hd8ed1ab_0
  - perl-file-path=2.18=pl5321hd8ed1ab_0
  - perl-file-temp=0.2304=pl5321hd8ed1ab_0
  - perl-file-which=1.24=pl5321hd8ed1ab_0
  - perl-importer=0.026=pl5321hd8ed1ab_0
  - perl-io-compress=2.201=pl5321hdbdd923_2
  - perl-io-zlib=1.14=pl5321hdfd78af_0
  - perl-json=4.10=pl5321hdfd78af_0
  - perl-json-xs=2.34=pl5321h4ac6f70_6
  - perl-list-moreutils=0.430=pl5321hdfd78af_0
  - perl-list-moreutils-xs=0.430=pl5321h031d066_2
  - perl-parent=0.241=pl5321hd8ed1ab_0
  - perl-path-tiny=0.124=pl5321hd8ed1ab_0
  - perl-pathtools=3.75=pl5321h166bdaf_0
  - perl-scalar-list-utils=1.63=pl5321h166bdaf_0
  - perl-scope-guard=0.21=pl5321hd8ed1ab_0
  - perl-storable=3.15=pl5321h166bdaf_0
  - perl-sub-info=0.002=pl5321hd8ed1ab_0
  - perl-term-table=0.016=pl5321hdfd78af_0
  - perl-test-fatal=0.016=pl5321ha770c72_0
  - perl-test-warnings=0.031=pl5321ha770c72_0
  - perl-test2-suite=0.000145=pl5321hdfd78af_0
  - perl-try-tiny=0.31=pl5321ha770c72_0
  - perl-types-serialiser=1.01=pl5321hdfd78af_0
  - perl-uri=5.17=pl5321ha770c72_0
  - perl-xml-libxml=2.0207=pl5321h661654b_0
  - perl-xml-namespacesupport=1.12=pl5321hd8ed1ab_0
  - perl-xml-sax=1.02=pl5321hd8ed1ab_0
  - perl-xml-sax-base=1.09=pl5321hd8ed1ab_0
  - wget=1.20.3=ha35d2d1_1
  - xz=5.2.6=h166bdaf_0
  - zlib=1.2.13=hd590300_5
  - zstd=1.5.2=hfc55251_7
prefix: /lustre/shared/wfsr-mcfa/projects/internships/luka/viral_metagenomics_pipeline/tools/miniconda3/envs/blast
